(221, 158) (262, 189) (328, 179)
(236, 296) (237, 243) (214, 359)
(237, 243) (214, 359) (221, 158)
(262, 189) (221, 158) (237, 243)
(262, 189) (264, 228) (237, 243)
(236, 296) (277, 269) (237, 243)
(237, 243) (277, 269) (264, 228)
(277, 269) (264, 228) (305, 228)
(264, 228) (305, 228) (262, 189)
(262, 189) (328, 179) (305, 228)
(321, 270) (277, 269) (305, 228)
(277, 318) (236, 296) (214, 359)
(277, 269) (236, 296) (277, 318)
(277, 269) (321, 270) (277, 318)
(321, 270) (336, 324) (277, 318)
(356, 242) (305, 228) (321, 270)
(305, 228) (328, 179) (359, 206)
(356, 242) (305, 228) (359, 206)
(496, 139) (367, 154) (221, 158)
(401, 178) (359, 206) (367, 154)
(367, 154) (359, 206) (328, 179)
(328, 179) (367, 154) (221, 158)
(449, 162) (367, 154) (401, 178)
(449, 162) (496, 139) (367, 154)
(496, 139) (491, 209) (500, 357)
(449, 162) (496, 139) (491, 209)
(359, 206) (416, 200) (401, 178)
(416, 200) (401, 178) (449, 162)
(416, 200) (465, 235) (433, 231)
(465, 235) (449, 162) (416, 200)
(465, 235) (491, 209) (449, 162)
(433, 231) (401, 279) (449, 279)
(449, 279) (433, 231) (465, 235)
(365, 294) (336, 324) (321, 270)
(321, 270) (365, 294) (356, 242)
(365, 294) (401, 279) (356, 242)
(405, 330) (365, 294) (401, 279)
(396, 242) (356, 242) (359, 206)
(396, 242) (416, 200) (359, 206)
(433, 231) (396, 242) (416, 200)
(396, 242) (401, 279) (433, 231)
(396, 242) (401, 279) (356, 242)
(214, 359) (277, 318) (285, 350)
(277, 318) (285, 350) (336, 324)
(366, 351) (405, 330) (500, 357)
(366, 351) (214, 359) (500, 357)
(214, 359) (285, 350) (366, 351)
(366, 351) (285, 350) (336, 324)
(366, 351) (336, 324) (365, 294)
(365, 294) (366, 351) (405, 330)
(449, 279) (401, 279) (450, 317)
(500, 357) (405, 330) (450, 317)
(405, 330) (401, 279) (450, 317)
(487, 273) (491, 209) (500, 357)
(487, 273) (500, 357) (450, 317)
(487, 273) (450, 317) (449, 279)
(487, 273) (449, 279) (465, 235)
(487, 273) (465, 235) (491, 209)
