(360, 111) (510, 166) (421, 137)
(510, 166) (421, 137) (443, 185)
(510, 166) (488, 234) (534, 262)
(488, 234) (510, 166) (443, 185)
(534, 262) (489, 285) (488, 234)
(497, 355) (489, 285) (534, 262)
(443, 241) (443, 185) (488, 234)
(443, 241) (488, 234) (489, 285)
(497, 355) (411, 387) (454, 315)
(489, 285) (454, 315) (497, 355)
(416, 270) (443, 241) (489, 285)
(489, 285) (416, 270) (454, 315)
(360, 111) (315, 160) (380, 169)
(360, 111) (380, 169) (421, 137)
(380, 169) (443, 185) (421, 137)
(396, 231) (443, 185) (443, 241)
(416, 270) (443, 241) (396, 231)
(454, 315) (400, 306) (411, 387)
(400, 306) (454, 315) (416, 270)
(315, 160) (373, 209) (380, 169)
(380, 169) (443, 185) (373, 209)
(443, 185) (396, 231) (373, 209)
(378, 265) (373, 209) (396, 231)
(416, 270) (378, 265) (396, 231)
(416, 270) (378, 265) (400, 306)
(378, 265) (400, 306) (361, 335)
(361, 335) (400, 306) (411, 387)
(342, 263) (373, 209) (378, 265)
(320, 359) (411, 387) (265, 344)
(320, 359) (411, 387) (361, 335)
(378, 265) (361, 335) (324, 297)
(361, 335) (324, 297) (320, 359)
(324, 297) (320, 359) (265, 344)
(378, 265) (342, 263) (324, 297)
(326, 237) (373, 209) (342, 263)
(324, 297) (326, 237) (342, 263)
(265, 344) (277, 294) (267, 248)
(267, 248) (277, 294) (326, 237)
(324, 297) (326, 237) (277, 294)
(265, 344) (324, 297) (277, 294)
(297, 204) (267, 248) (315, 160)
(297, 204) (315, 160) (373, 209)
(297, 204) (373, 209) (326, 237)
(297, 204) (326, 237) (267, 248)
